823
750
653
707
620
282
269
76
206
161
505
297
232
182
725
357
139
863
664
755
643
711
688
348
960
85
150
452
765
872
840
100
268
138
771
583
287
239
950
270
990
585
427
549
451
571
121
453
815
309
305
818
967
68
759
625
837
784
320
661
328
928
409
740
615
775
359
14
37
112
675
742
834
957
37
817
725
621
393
949
832
481
609
204
499
994
530
324
737
919
488
535
558
127
677
169
495
970
195
222
436
476
400
922
687
345
249
778
385
272
779
643
804
848
817
579
268
684
376
794
713
402
299
224
2
909
49
289
1
521
67
607
2
231
716
431
299
540
313
805
37
141
986
180
781
780
26
245
853
214
705
639
974
999
699
926
518
751
194
984
357
317
640
811
684
286
659
145
928
541
554
700
551
673
914
587
111
583
142
496
164
680
815
54
735
994
129
671
284
744
873
130
985
681
609
868
12
611
281
523
191
517
529
406
147
19
984
108
59
193
905
338
604
62
733
816
235
936
194
404
642
395
253
601
765
617
210
461
977
702
751
190
931
772
547
487
913
552
820
45
618
658
434
480
169
182
897
290
617
969
353
384
287
32
687
915
627
799
324
877
731
455
268
727
270
110
463
802
640
383
556
236
488
539
591
376
526
141
392
312
200
919
114
440
635
624
915
385
211
979
564
748
584
989
183
552
744
747
885
25
413
162
631
899
682
759
8
481
81
210
437
887
471
9
207
733
189
412
723
740
392
91
645
447
382
25
17
737
234
489
754
926
301
940
269
69
915
641
706
858
185
304
712
248
498
772
820
758
913
948
803
208
293
908
172
691
701
149
62
867
996
383
901
939
833
510
229
988
63
926
661
245
188
132
895
352
201
276
856
394
466
777
132
651
647
688
165
27
821
901
797
154
684
425
867
216
34
672
297
603
344
668
528
878
269
995
560
602
98
493
476
32
753
663
54
709
23
372
256
413
50
390
500
716
550
137
577
645
294
896
86
315
836
858
860
445
664
587
64
386
962
52
411
134
595
802
416
913
389
812
240
892
152
107
753
143
177
518
548
908
673
982
86
962
623
340
19
235
953
995
550
122
776
397
531
629
885
500
492
233
393
72
633
195
823
936
727
425
954
464
50
656
841
704
974
41
326
665
304
192
622
272
938
909
572
368
108
178
105
428
714
920
770
668
376
145
144
966
689
811
413
991
971
577
836
547
282
176
684
813
78
927
150
71
879
356
599
255
461
591
787
270
944
278
369
453
219
798
842
649
324
209
1
137
39
815
805
494
624
4
369
991
312
412
557
588
732
869
71
36
347
462
651
571
863
154
879
273
73
714
947
61
907
571
498
911
83
564
762
873
551
537
935
524
498
761
620
107
252
526
74
947
306
630
529
197
516
323
512
103
840
410
339
516
549
429
851
916
152
263
404
178
722
730
396
526
819
570
844
621
688
820
282
771
229
935
687
826
643
910
436
584
574
127
112
716
384
322
751
453
134
782
648
958
964
538
865
606
281
364
696
961
214
978
774
713
585
607
8
160
440
806
34
88
111
407
739
959
525
540
881
573
604
3
796
622
615
624
324
103
425
129
301
516
10
976
966
111
126
398
777
89
158
737
219
251
593
135
958
126
125
516
342
591
558
622
484
997
494
387
232
899
718
291
449
471
330
147
899
282
857
659
770
398
974
315
950
265
476
568
130
53
540
622
925
377
318
870
389
79
365
999
838
727
379
203
406
424
611
808
989
604
615
328
723
726
223
330
303
199
864
409
600
35
462
829
203
951
628
923
622
318
768
661
382
709
955
340
922
376
296
388
857
327
369
814
327
953
389
701
138
137
555
9
958
279
304
372
939
125
223
594
89
558
428
853
142
57
999
314
330
368
473
481
994
147
27
709
98
872
331
324
183
144
936
590
250
424
483
120
378
609
820
969
170
554
847
613
585
961
571
78
859
11
648
361
661
60
376
567
332
15
181
450
980
476
309
240
646
589
672
794
6
95
502
541
594
25
632
7
415
348
689
925
502
198
62
945
846
844
930
133
861
335
779
506
7
538
770
85
629
460
727
689
256
264
328
139
404
444
981
187
709
388
86
837
901
934
811
932
66
841
761
657
532
318
677
631
921
576
94
581
307
934
233
724
336
650
39
859
690
856
212
617
709
833
43
532
865
869
728
547
950
888
769
619
212
411
420
504
943
530
197
534
917
939
598
200
80
389
919
83
184
702
681
562
149
89
216
133
991
524
820
582
564
616
148
223
162
321
383
952
267
783
871
696
906
945
170
657
504
976
181
990
385
180
760
467
178
669
726
454
263
498
417
42
475
247
871
966
471
263
827
680
98
142
189
806
52
802
693
494
838
272
648
228
515
403
966
470
445
23
960
490
365
588
55
523
507
172
918
228
925
179
438
15
44
977
982
432
548
316
398
447
781
14
763
24
700
550
30
981
739
458
409
948
249
765
627
577
736
218
446
979
642
256
262
252
307
663
512
100
711
646
577
768
637
864
102
292
526
783
879
203
749
921
597
314
37
810
779
194
588
930
192
218
637
391
758
669
870
497
837
251
440
410
810
601
516
8
692
363
212
991
604
113
558
588
956
171
795
44
140
862
817
178
973
630
664
118
598
471
336
675
157
400
247
166
42
594
36
135
183
679
741
346
938
452
688
727
789
623
729
66
311
408
964
624
236
464
10
617
521
594
848
170
781
269
816
511
369
671
281
468
520
49
113
748
992
692
92
325
256
669
357
694
164
183
440
640
277
289
581
586
734
514
402
746
736
311
261
476
828
378
193
462
742
872
422
616
279
981
403
347
885
497
596
851
121
451
977
928
389
937
267
598
840
872
226
790
345
873
628
223
857
870
532
444
337
795
999
301
250
836
577
245
615
431
668
32
333
910
909
19
448
199
279
421
433
320
552
642
979
631
672
828
267
197
337
1000
150
388
80
381
125
99
224
529
518
337
594
418
457
685
438
315
121
112
429
179
738
98
739
609
782
553
778
342
102
431
172
569
816
406
37
551
364
191
602
405
841
676
535
137
377
957
453
503
128
662
169
534
830
309
139
915
814
122
146
953
241
655
351
999
819
257
886
252
198
436
998
183
809
373
970
25
488
556
888
516
702
333
65
550
535
805
164
165
384
322
267
526
346
670
274
718
860
41
358
297
599
103
538
266
886
440
875
571
153
507
169
217
425
995
13
781
361
850
263
675
485
429
856
192
909
159
549
132
108
517
898
286
516
516
945
950
692
1
945
412
926
501
443
440
946
338
617
268
372
853
238
196
648
880
3
38
413
685
60
141
25
377
508
116
845
768
415
994
154
931
627
380
542
262
394
473
184
954
836
899
377
914
720
631
871
298
559
698
374
172
287
707
48
754
440
873
238
790
659
636
959
964
110
974
756
168
677
913
832
813
727
752
24
228
615
884
439
219
1
137
348
403
309
12
372
257
685
538
77
841
532
171
151
556
952
76
987
615
321
427
728
480
64
512
932
995
808
93
47
988
322
949
890
478
474
579
761
72
257
679
535
847
794
326
238
871
472
426
512
711
210
723
520
331
765
146
238
630
631
43
813
61
973
798
803
263
521
330
381
989
37
432
328
953
291
200
996
155
651
777
29
515
842
769
691
960
922
553
279
107
594
971
374
528
75
521
289
785
598
897
765
809
239
634
791
400
81
995
11
535
719
625
733
687
374
531
965
465
397
657
946
506
292
52
730
197
642
552
341
123
626
404
554
241
36
446
186
847
200
966
50
378
510
903
206
921
851
786
973
532
867
804
542
619
280
594
547
760
220
213
715
190
147
199
940
200
736
86
987
189
735
357
455
146
434
315
698
536
549
364
229
404
410
140
936
732
348
649
182
587
461
574
654
887
613
96
584
679
207
228
542
473
800
788
953
735
718
426
802
177
72
749
148
714
722
926
684
922
388
493
789
609
219
532
141
435
729
315
288
933
56
556
920
144
427
587
116
321
170
368
777
290
618
651
463
391
775
340
124
442
295
823
649
392
969
454
707
575
441
348
710
72
210
978
25
89
859
426
494
712
666
920
932
764
278
248
691
502
808
284
439
969
385
176
94
486
111
850
542
380
614
310
482
936
754
917
549
957
982
690
446
833
564
383
730
305
922
111
453
461
99
984
26
723
684
561
689
510
355
841
356
627
847
915
625
440
322
714
212
379
303
241
29
962
340
8
888
718
861
998
492
926
100
120
397
12
515
201
330
715
886
139
10
362
750
738
153
983
742
610
779
517
144
732
556
236
530
53
458
746
69
605
965
480
850
325
638
664
334
524
179
731
871
880
507
425
317
253
782
818
394
223
329
322
501
69
993
168
579
770
734
191
173
910
62
540
92
101
439
220
542
953
319
355
220
130
155
843
745
457
114
776
476
545
674
115
188
210
743
897
860
176
513
891
851
558
862
458
447
848
681
80
500
521
615
98
468
255
71
354
928
570
112
49
853
882
535
197
626
175
401
342
348
472
178
387
13
422
242
461
46
325
238
811
980
188
273
928
950
927
493
75
12
26
192
702
898
477
643
332
505
573
961
181
913
873
314
210
236
920
329
254
379
458
20
540
150
739
16
296
245
514
786
735
856
370
320
258
943
203
841
764
585
471
13
432
483
315
540
995
587
476
952
790
340
237
133
594
556
698
769
323
876
312
320
259
804
608
266
665
517
717
63
11
768
723
468
577
642
594
753
756
676
287
674
230
918
350
43
214
508
667
84
823
424
542
70
773
232
315
311
657
64
688
987
897
959
594
633
969
674
356
694
958
91
311
960
921
26
573
808
927
269
307
30
782
562
816
537
706
459
13
835
368
951
940
39
947
326
847
443
918
782
572
765
621
129
505
276
550
896
100
265
296
562
721
374
911
341
26
596
624
909
586
633
967
609
188
357
82
322
966
971
823
114
80
295
965
778
485
974
293
923
344
768
88
624
632
388
882
384
176
152
556
747
996
735
315
72
708
618
492
557
54
781
419
438
938
856
606
270
39
792
929
456
472
844
659
458
69
314
359
917
882
420
641
555
916
663
82
358
39
358
928
592
152
727
311
673
812
364
659
845
335
207
801
224
756
933
134
5
954
970
318
1
75
307
165
182
615
174
707
186
398
551
885
715
359
381
692
771
325
708
934
470
299
944
89
19
953
139
188
210
95
457
510
264
220
745
271
154
373
914
985
943
973
634
353
410
357
778
996
680
595
975
266
283
749
895
842
530
463
692
585
25
31
374
474
402
818
597
244
622
619
935
274
925
478
838
153
313
834
811
957
812
440
559
771
718
373
592
513
942
653
455
791
655
765
569
177
549
444
612
751
291
834
194
991
363
92
106
466
180
300
151
166
723
509
144
271
834
832
338
860
843
678
522
386
732
339
573
822
481
784
420
66
999
695
400
815
966
707
696
606
434
68
20
976
424
922
285
810
13
721
493
271
816
504
824
780
631
805
584
826
404
68
974
772
406
386
881
137
18
586
423
921
674
946
259
176
768
620
929
30
91
289
651
597
651
331
880
605
177
442
796
195
153
341
463
656
627
920
726
957
519
640
346
939
705
616
543
804
817
871
502
234
328
365
54
358
485
792
715
497
428
125
846
910
329
943
348
913
206
743
522
455
76
721
616
638
601
672
494
1
744
870
779
624
127
214
100
349
140
801
950
671
32
646
447
312
226
630
976
217
358
564
90
518
684
833
381
584
699
927
388
822
801
488
75
701
441
460
186
308
30
832
729
425
678
534
50
183
32
574
979
584
897
954
379
701
844
49
535
214
403
538
310
337
945
919
382
427
739
169
750
713
279
57
489
157
204
842
810
419
382
468
680
206
66
571
788
45
949
47
161
644
85
202
228
681
979
495
997
869
521
92
143
605
950
72
733
813
429
279
791
791
932
571
244
467
401
244
889
636
522
345
888
500
710
96
283
548
168
274
317
392
719
14
366
949
100
833
398
489
720
216
241
674
763
838
511
702
113
887
404
6
441
405
534
439
582
326
157
734
548
555
116
817
150
719
255
566
38
640
550
294
527
29
205
312
57
400
263
591
680
691
257
32
754
849
480
382
152
91
839
471
769
242
520
390
381
350
522
420
573
995
371
239
692
725
155
111
377
834
166
937
185
868
974
276
545
536
979
61
193
529
420
597
642
114
224
668
752
99
448
952
910
404
445
649
852
286
817
431
641
621
347
952
581
520
670
791
486
522
28
112
198
595
642
259
784
794
277
953
636
236
87
597
479
922
206
300
949
311
949
752
697
844
539
932
358
16
127
112
602
452
79
397
77
563
210
521
378
115
23
889
513
905
441
166
341
323
310
909
99
68
961
378
549
724
349
422
565
681
147
100
861
515
19
554
722
917
461
419
813
72
398
412
142
680
711
178
221
162
546
696
993
378
104
65
162
427
729
228
2
132
30
660
26
143
740
506
48
975
311
783
977
267
693
121
824
716
463
1000
482
323
494
748
183
768
271
62
196
911
932
437
631
712
377
790
796
18
317
919
424
3
263
376
69
333
146
36
230
767
179
679
678
483
337
914
611
136
859
555
527
308
740
761
200
2
252
334
216
485
452
829
79
317
969
825
66
222
903
616
605
615
286
699
80
696
576
791
416
526
364
509
820
633
528
550
625
310
296
755
722
231
385
261
138
860
874
875
747
75
550
818
781
615
301
970
447
459
947
535
963
543
601
249
722
747
35
985
668
115
245
330
248
590
334
344
330
200
344
535
56
153
141
476
848
991
439
400
304
255
920
503
893
680
186
823
180
579
495
369
974
800
825
232
169
413
758
502
820
171
855
271
895
636
303
853
260
841
43
981
336
923
415
660
33
787
911
756
535
637
752
24
133
162
156
184
641
854
325
174
183
8
667
225
106
126
983
746
498
973
234
345
536
667
781
351
671
17
283
518
334
179
406
645
640
227
190
367
246
251
455
666
539
273
196
767
253
630
703
980
798
147
66
717
840
691
867
30
92
184
238
153
63
719
218
666
856
64
345
323
673
422
386
829
566
398
405
570
570
590
780
568
267
642
614
631
382
790
752
664
4
575
714
92
11
479
420
250
807
534
187
287
482
785
923
91
957
979
838
236
181
578
73
981
927
47
210
813
522
121
956
805
457
602
345
734
103
405
636
521
348
958
609
892
740
246
834
545
276
288
641
480
447
209
112
799
579
154
842
87
586
960
413
694
838
352
140
869
919
756
987
262
162
90
636
567
713
810
583
510
170
477
395
107
273
982
99
502
91
295
301
914
611
224
624
771
268
869
348
502
835
189
888
670
716
790
236
152
615
485
764
398
989
913
414
924
801
183
809
320
370
734
486
566
879
687
245
731
22
44
694
217
710
649
49
95
104
481
45
624
1
847
200
253
770
381
763
63
536
871
200
525
11
50
450
713
462
281
704
33
195
605
241
926
670
742
591
969
147
768
950
672
959
441
553
288
296
102
415
767
332
897
450
807
202
637
272
486
751
655
821
347
470
316
143
194
623
94
800
914
819
703
992
942
511
702
985
402
76
238
637
169
651
561
630
949
806
134
328
748
228
25
387
893
563
991
80
147
783
782
170
428
494
624
70
492
930
475
501
154
148
730
787
236
578
554
286
404
446
498
826
194
585
663
499
20
492
134
893
412
210
365
581
716
618
910
378
546
520
132
713
297
589
441
151
471
250
187
725
212
680
493
770
209
599
539
773
645
400
449
930
427
276
353
921
635
490
204
314
526
327
904
12
548
323
105
938
708
574
224
576
196
779
643
503
780
669
339
623
247
844
204
600
638
241
625
553
200
693
89
44
445
411
107
218
863
404
800
132
967
990
354
538
892
543
271
20
935
956
318
953
289
921
86
695
116
117
640
305
247
355
385
575
506
624
203
223
100
565
25
67
56
877
65
647
721
868
238
732
894
756
88
525
31
393
31
933
290
344
278
687
928
346
602
915
273
385
550
854
63
752
537
343
661
150
302
240
612
782
76
971
547
609
606
323
71
474
359
392
628
475
498
247
706
601
352
308
849
471
640
919
821
208
481
464
650
499
99
205
447
723
301
945
734
984
201
515
5
368
545
29
144
672
98
557
781
635
771
346
908
600
845
535
772
366
780
859
709
997
259
627
821
308
92
131
5
46
76
886
528
78
58
609
658
61
482
452
410
388
526
991
391
308
29
876
68
799
717
525
183
971
864
247
510
691
961
762
829
792
501
655
739
562
244
913
526
764
418
423
988
318
856
835
452
735
319
478
200
79
688
195
899
285
142
520
804
122
964
522
46
123
946
286
459
777
646
230
485
594
11
669
319
303
999
806
706
745
417
625
705
593
720
357
106
850
622
433
133
133
134
675
160
214
233
672
728
97
862
551
960
115
579
532
796
633
464
74
174
343
93
930
507
501
468
523
346
267
23
799
401
386
618
504
627
416
83
121
626
572
84
878
508
2
886
437
788
283
831
937
475
955
244
932
953
48
647
500
280
871
460
407
442
994
590
723
971
440
236
849
718
477
637
589
799
602
845
436
321
55
469
41
594
865
141
905
678
943
28
357
219
855
187
900
20
65
920
932
259
492
416
701
361
620
38
552
399
36
954
222
804
534
937
929
201
929
548
981
1000
58
64
250
669
688
257
802
571
248
310
488
720
262
321
856
875
429
539
286
405
89
180
346
564
641
471
409
587
89
637
258
207
426
705
275
615
645
482
178
749
338
652
928
252
683
397
308
547
861
132
661
97
341
201
845
250
456
689
35
661
709
509
455
225
181
187
134
799
899
366
475
995
153
999
276
984
153
66
869
508
170
555
797
884
543
912
797
880
778
647
532
80
7
648
986
815
81
586
900
795
81
688
284
405
328
120
843
904
695
199
309
260
757
937
556
644
891
49
787
470
339
9
505
841
814
783
49
21
980
908
216
32
831
968
975
983
626
708
364
545
373
413
160
541
755
672
670
863
230
39
96
753
748
258
13
683
306
197
935
268
117
641
769
459
427
785
96
405
697
353
611
751
686
803
829
985
611
591
79
159
373
725
499
814
836
138
894
631
38
467
385
679
913
144
463
974
353
689
886
403
551
977
340
271
253
668
593
89
114
597
526
94
925
891
729
467
886
407
646
324
821
97
823
34
184
313
37
28
165
132
716
551
13
841
581
749
922
823
505
875
366
179
937
571
869
114
188
36
282
39
518
684
365
123
841
93
718
144
2
353
714
811
828
612
780
168
345
351
223
700
543
546
72
10
579
808
457
902
184
612
140
819
134
188
567
441
658
500
211
387
448
995
188
107
302
320
961
696
669
918
108
425
890
586
278
248
525
488
390
669
744
903
534
239
201
572
685
864
681
675
407
347
754
842
708
468
59
826
401
457
489
51
808
807
444
301
844
880
135
3
315
548
637
419
734
590
398
104
954
589
394
300
592
946
426
865
977
503
320
990
340
218
177
798
258
556
58
364
47
687
331
521
943
553
781
433
871
536
793
379
93
636
438
844
308
641
954
770
621
819
89
449
454
277
287
208
686
999
772
22
826
941
255
948
998
332
396
797
863
380
577
611
444
597
651
528
12
10
333
455
451
359
651
644
942
164
766
245
797
893
31
51
5
643
611
932
443
49
55
15
931
55
479
567
748
877
78
1000
673
910
728
777
438
265
909
525
744
268
627
861
477
954
590
370
718
725
979
395
973
564
572
874
7
498
773
848
681
474
22
607
760
502
953
857
929
542
171
437
77
390
792
512
612
32
374
121
879
135
906
72
705
599
719
691
74
248
16
68
668
88
467
474
320
252
821
632
278
514
570
342
411
635
55
880
767
466
381
61
452
181
766
279
994
810
43
795
496
942
978
741
182
90
61
906
807
206
154
318
56
340
490
273
254
156
164
200
481
631
635
561
853
461
58
475
109
400
905
570
351
972
399
682
441
149
401
302
329
704
415
252
150
380
739
382
566
814
697
82
995
676
588
142
947
966
364
16
884
61
212
980
872
523
523
453
47
160
326
55
150
241
776
987
804
605
213
324
395
261
45
29
28
199
541
145
976
193
702
435
869
200
708
866
613
427
514
955
217
200
420
288
856
48
237
793
233
926
593
3
601
745
274
83
141
613
885
212
911
496
337
669
229
881
515
899
785
738
324
758
926
460
282
2
28
97
546
522
949
558
533
147
336
258
818
982
343
621
571
989
572
731
971
455
724
483
635
653
485
212
410
550
367
626
582
466
966
246
890
727
527
742
228
486
281
471
847
415
386
316
691
530
909
586
774
321
496
234
341
443
538
282
837
542
73
515
368
485
669
440
699
419
353
966
310
427
200
37
946
347
544
110
925
177
567
139
66
189
111
469
98
432
354
625
204
789
374
884
286
431
3
579
336
574
657
606
860
346
644
954
465
37
727
235
981
359
483
373
909
173
323
552
673
366
505
436
829
724
293
528
170
762
326
475
298
246
183
556
671
863
988
477
683
20
9
743
983
317
104
129
848
155
986
59
568
164
776
360
297
995
896
92
384
185
557
723
891
115
831
552
43
197
310
851
132
235
669
993
785
697
868
168
371
516
978
205
421
132
996
201
592
320
811
905
734
290
160
693
507
702
226
51
741
887
680
13
823
269
829
683
583
889
481
470
199
642
612
373
729
43
415
510
265
246
614
564
364
831
553
143
334
793
179
26
394
924
61
409
268
790
617
426
616
50
182
620
341
915
307
420
262
987
681
763
987
703
929
435
655
318
472
662
922
849
542
737
372
161
775
324
691
997
918
757
209
216
458
134
449
26
508
572
582
307
21
645
879
352
963
228
444
939
559
186
972
107
747
732
513
991
693
930
276
155
810
769
813
899
139
369
366
317
762
310
182
198
364
110
435
96
240
283
446
960
165
949
126
967
61
224
599
242
173
543
209
54
973
172
292
298
321
674
907
341
982
959
657
146
7
602
862
448
767
853
447
15
564
409
595
273
834
643
994
931
789
365
804
42
47
527
434
483
280
63
906
71
782
613
963
718
287
35
847
629
116
978
206
64
608
406
693
578
348
292
935
33
137
368
743
408
524
482
237
755
242
502
900
208
898
399
212
689
446
855
71
917
268
492
906
874
928
931
864
896
197
112
939
10
508
753
452
172
12
347
624
806
67
473
245
86
486
386
384
401
85
439
491
929
490
664
801
64
413
882
783
814
204
136
661
992
337
193
944
404
426
179
870
659
441
634
57
206
856
158
537
951
555
680
516
101
508
701
245
868
797
726
281
146
40
626
998
998
169
411
343
63
380
587
311
986
720
724
678
172
209
104
429
852
63
196
975
978
135
370
541
739
185
265
969
625
646
503
371
889
377
735
313
19
258
704
56
557
71
498
584
759
308
219
542
308
15
191
619
64
971
674
210
309
935
260
339
953
945
333
118
814
212
187
567
16
48
261
835
632
385
78
106
329
988
493
112
293
253
744
889
936
640
635
730
487
609
742
201
395
622
99
824
456
637
237
326
918
623
510
590
706
643
489
114
139
586
962
506
703
335
666
281
711
865
35
203
121
863
775
929
704
812
458
920
353
439
713
930
711
505
49
557
313
444
335
623
57
68
816
708
625
151
992
215
271
945
950
746
736
54
951
850
280
347
683
180
747
55
191
793
208
524
435
453
783
805
275
899
431
376
547
899
107
30
965
312
953
16
305
203
643
155
472
7
321
355
378
328
838
135
10
479
707
708
309
394
647
925
328
143
788
88
535
220
375
88
714
9
864
730
455
246
51
696
144
470
759
191
963
605
852
709
587
840
121
4
109
756
3
953
403
990
113
276
620
260
566
274
736
559
20
659
610
781
513
104
855
419
197
815
575
827
461
398
204
553
240
449
880
146
584
124
938
969
604
854
272
886
704
427
876
392
870
801
51
351
755
2
49
703
342
896
979
4
696
933
865
199
858
988
296
818
531
322
361
990
474
71
171
497
346
150
224
833
992
237
156
464
974
159
364
218
692
382
591
692
728
942
345
751
728
381
835
930
210
77
614
337
619
831
931
986
757
63
530
800
812
765
901
965
566
633
58
564
619
934
607
722
65
126
43
908
542
851
385
824
671
540
12
790
183
448
964
184
431
680
661
651
292
945
488
948
614
481
321
669
673
151
85
391
623
501
483
125
641
164
571
419
551
673
496
512
719
154
258
931
340
511
821
286
22
794
503
592
32
618
392
445
29
4
506
948
226
936
332
953
316
440
967
868
993
785
646
806
228
12
237
985
442
900
414
593
167
320
43
951
482
342
852
349
993
996
176
314
971
575
880
496
514
427
351
48
624
231
507
451
848
839
571
904
805
109
218
13
645
12
540
432
66
320
997
514
30
983
895
278
313
668
272
958
780
574
697
328
921
502
778
349
633
325
822
564
244
725
610
464
892
174
548
371
629
114
726
960
772
164
895
601
306
562
361
266
282
341
575
278
57
629
697
250
15
838
445
927
450
783
835
159
975
95
280
321
163
819
209
59
870
268
550
11
406
790
273
675
424
104
22
919
866
621
594
238
920
840
477
115
205
322
826
929
837
822
737
293
80
182
871
227
21
211
116
504
665
753
216
178
253
547
969
368
548
220
510
418
827
902
985
214
374
496
427
479
909
334
924
732
918
436
179
470
374
463
135
364
972
749
35
162
384
80
153
649
5
396
361
836
451
827
493
180
703
924
455
501
359
744
380
246
802
446
910
246
150
270
420
729
193
189
716
331
34
1
261
318
638
406
347
181
243
120
631
992
74
624
767
581
402
876
66
515
842
535
170
453
482
462
910
131
866
56
846
93
236
781
376
762
481
941
890
623
28
579
792
912
772
921
877
8
630
94
665
179
500
515
391
159
10
416
745
909
47
70
944
598
932
114
930
993
995
830
487
669
785
237
258
11
256
655
596
288
602
318
78
696
744
83
8
450
868
697
359
330
136
811
234
877
67
722
431
852
215
362
560
270
190
678
7
523
412
920
574
421
163
522
330
185
838
104
193
835
208
818
628
190
334
363
822
711
1
249
450
93
425
152
621
308
100
632
575
941
678
995
284
655
539
813
949
454
858
531
674
42
944
130
562
549
157
691
505
925
221
474
767
707
317
280
34
585
17
734
289
754
633
704
650
864
356
806
134
961
195
16
540
64
447
672
61
44
316
950
995
933
357
604
761
287
4
405
146
448
900
763
306
989
244
69
431
624
410
742
844
64
636
589
534
675
411
23
198
85
368
960
894
91
444
695
45
772
50
26
299
249
737
94
509
299
609
260
534
229
873
930
841
981
209
757
378
907
303
377
346
853
62
151
964
68
698
645
636
416
698
387
242
31
181
27
623
465
371
325
660
568
590
722
131
423
891
181
338
122
247
929
707
95
818
643
619
651
391
767
800
860
775
965
770
983
873
549
188
582
711
949
549
265
35
131
870
706
912
119
401
883
57
300
721
696
385
427
284
242
316
359
612
615
639
238
214
122
554
942
505
107
891
353
435
944
865
7
592
30
926
557
370
309
922
54
464
540
262
206
761
893
138
236
691
578
272
115
919
487
320
540
984
627
10
557
484
954
453
115
759
751
163
295
926
824
670
106
261
469
624
650
600
197
200
97
99
12
676
14
662
193
720
878
222
424
9
551
81
103
18
269
171
474
298
911
35
939
796
150
43
198
14
134
498
515
875
203
282
273
709
76
225
819
34
272
103
705
516
302
303
816
901
955
784
652
228
47
467
943
971
439
781
50
540
137
277
92
973
813
499
5
956
969
731
311
880
449
53
448
166
156
952
595
958
94
157
41
139
473
695
191
705
358
279
941
48
430
502
734
989
788
42
895
499
640
689
435
825
697
234
396
655
736
461
866
666
275
187
263
954
632
357
751
484
619
240
942
280
427
553
24
300
482
810
608
749
307
985
188
16
371
748
936
255
319
431
518
515
512
377
865
429
187
582
607
993
727
730
54
765
740
752
992
790
204
882
803
765
144
100
316
531
735
297
303
814
916
903
623
59
274
353
22
489
671
223
124
451
51
560
992
338
493
418
331
679
525
765
989
7
588
320
629
304
491
314
871
344
442
861
528
133
5
286
688
232
840
823
531
115
77
621
629
783
696
502
532
174
43
398
785
556
176
820
436
629
499
606
856
92
642
342
752
640
800
100
549
350
770
816
224
447
654
901
571
254
515
760
678
46
397
619
118
204
468
294
170
73
256
367
57
516
411
252
781
367
208
793
427
765
745
24
74
47
727
513
292
999
791
840
600
271
519
627
239
483
957
851
218
387
277
162
830
711
990
746
197
938
408
717
921
911
11
656
581
920
485
238
315
895
419
638
674
17
13
612
957
307
373
171
491
904
523
743
127
382
163
176
526
465
407
373
668
865
523
742
876
626
375
405
651
60
865
656
801
636
639
103
851
786
750
363
308
743
831
190
132
932
852
401
801
192
921
907
732
924
923
956
958
248
752
667
516
377
665
325
985
624
23
825
972
339
360
448
184
552
60
454
415
728
408
205
817
191
552
302
607
457
800
30
572
744
32
294
38
434
895
300
498
823
818
898
610
810
941
145
334
182
132
231
519
117
94
979
848
619
474
329
981
762
947
137
205
941
551
278
725
790
520
429
696
619
729
272
759
901
166
163
648
146
463
108
816
15
569
688
877
994
419
951
607
794
933
917
874
609
543
993
855
196
864
196
362
649
175
307
864
658
884
385
250
107
224
843
822
657
554
364
688
301
604
143
524
352
290
724
760
51
797
445
757
67
268
845
247
536
783
539
396
217
706
745
323
836
116
85
634
752
798
582
563
228
234
705
108
365
494
199
95
257
979
692
287
420
491
297
968
456
789
324
739
159
344
887
54
461
437
580
496
926
937
367
647
736
10
78
417
827
592
362
91
802
176
655
408
81
838
476
959
242
206
844
686
213
835
138
900
237
642
694
762
237
869
609
919
710
11
304
646
991
338
70
238
77
585
8
552
744
76
156
75
707
987
392
908
133
372
333
482
630
648
636
21
929
921
546
635
897
276
635
196
534
216
585
549
142
203
725
77
405
676
537
344
76
843
878
472
799
90
144
546
794
588
861
293
523
365
623
390
271
953
729
209
818
373
904
521
193
388
980
786
660
123
800
902
280
777
616
96
76
713
795
421
849
585
339
281
345
612
236
8
748
150
438
972
728
918
450
471
151
684
709
494
212
206
300
715
748
457
537
199
328
574
998
5
260
346
566
926
154
245
934
96
46
827
934
396
204
524
159
621
542
293
846
805
209
986
393
396
96
962
952
334
8
766
837
268
650
661
93
958
834
456
429
293
170
455
660
894
647
992
923
31
303
865
167
487
161
49
722
246
795
63
166
443
999
491
703
200
435
536
198
158
618
11
618
141
426
737
229
724
961
668
625
953
817
823
807
841
913
652
783
125
176
498
186
355
262
610
474
968
46
503
521
945
126
618
82
474
113
606
138
296
652
30
419
56
386
430
325
57
99
746
164
821
884
299
115
468
443
587
852
611
565
651
760
777
998
29
481
712
283
443
154
937
435
992
811
959
519
424
873
111
528
644
627
395
230
403
78
271
571
535
240
813
384
944
196
605
695
827
559
284
154
210
319
675
516
543
704
966
26
628
649
109
237
885
112
779
604
74
929
79
896
788
726
610
64
331
260
957
450
577
643
489
693
214
199
350
381
660
368
742
959
988
605
710
936
283
974
482
393
779
409
599
357
44
318
682
93
795
930
41
690
718
285
69
479
308
413
192
696
230
238
891
132
119
382
430
54
597
544
126
870
319
321
129
981
221
74
695
269
457
143
355
226
709
84
8
808
868
343
298
141
675
500
101
450
23
226
261
585
193
667
421
155
680
775
799
513
198
569
593
767
258
119
88
603
621
942
706
936
88
648
206
802
462
856
157
525
540
393
625
984
966
742
476
2
591
43
798
455
931
391
581
449
441
436
185
266
557
882
294
818
401
182
643
405
820
476
449
794
964
41
24
456
365
490
987
771
751
28
503
205
534
117
712
688
978
499
531
705
250
421
258
893
483
589
746
670
765
143
930
299
469
399
500
567
774
844
63
864
745
15
678
922
181
583
975
763
158
113
530
497
436
362
222
618
962
377
469
300
674
68
468
959
604
533
466
940
151
103
669
716
514
309
463
653
68
342
189
551
753
561
300
460
827
191
592
567
864
645
940
612
465
373
576
840
940
207
778
963
235
804
217
203
206
350
484
1000
801
832
84
685
293
325
484
355
388
624
608
669
418
614
455
803
196
884
879
771
191
429
709
259
6
38
120
26
513
680
47
721
246
678
748
778
915
881
434
184
72
378
516
52
556
303
535
666
716
784
467
975
342
727
170
888
606
334
385
339
753
719
857
300
124
83
859
979
359
346
413
376
789
717
882
72
684
764
17
692
842
158
597
110
602
643
219
246
650
21
788
38
369
48
103
144
986
823
938
417
71
535
301
876
992
689
412
31
260
613
797
822
597
582
834
217
517
959
287
815
558
238
802
128
44
884
159
586
432
762
604
222
292
312
289
37
338
274
688
713
764
791
854
158
802
546
627
706
75
593
744
648
284
941
8
924
953
122
479
925
814
122
595
640
179
321
100
897
158
487
591
230
697
639
740
41
448
697
508
656
331
337
512
229
407
821
347
12
91
949
99
329
980
790
490
598
490
9
15
499
322
493
460
122
28
589
326
881
13
249
198
448
489
429
60
326
578
26
796
847
26
976
15
514
10
987
325
720
530
489
964
119
499
889
885
174
340
407
882
933
482
297
293
77
365
334
576
29
289
809
640
617
225
85
948
312
423
225
667
108
490
881
273
454
988
472
905
579
77
256
561
739
355
745
550
867
600
959
827
574
588
813
703
930
795
395
261
338
226
961
542
21
107
265
471
989
954
639
802
645
515
504
724
884
288
576
813
578
815
648
554
885
113
695
814
952
867
933
92
627
968
70
109
955
621
12
640
379
515
679
363
797
281
361
602
220
137
276
873
928
90
636
898
704
155
548
354
402
312
432
838
625
108
561
774
899
397
471
697
308
41
517
242
101
471
497
872
508
338
393
986
3
125
260
74
307
982
794
583
192
472
412
398
162
260
772
862
644
976
926
946
325
941
448
948
413
508
863
621
724
110
870
5
817
786
300
980
187
453
966
444
412
10
114
646
138
748
180
209
305
548
857
689
471
308
156
904
526
929
921
71
854
564
440
217
815
38
588
268
459
69
627
749
60
617
699
412
612
707
704
774
661
655
716
803
77
494
639
453
804
782
474
949
148
748
583
992
513
322
212
574
225
737
915
428
767
39
365
753
518
252
867
702
122
653
431
171
700
237
302
159
764
466
583
729
17
28
371
151
966
34
864
548
133
824
17
447
611
607
363
237
224
435
130
934
229
415
368
524
575
992
60
723
148
762
344
295
561
168
369
604
926
228
466
60
456
80
794
758
189
283
809
747
899
290
856
561
773
611
839
493
19
62
845
635
665
82
228
351
615
151
576
97
29
288
181
883
523
543
803
787
478
649
666
272
763
587
975
77
40
933
51
953
166
456
865
904
193
873
999
464
901
642
688
251
861
64
949
623
835
145
79
496
658
355
369
47
25
903
516
220
175
852
796
910
433
233
227
627
31
533
929
689
288
313
81
728
716
282
175
381
128
386
99
712
426
26
584
35
685
986
911
490
182
455
401
325
719
963
350
720
388
630
308
72
259
339
232
247
713
250
490
994
842
37
800
747
88
392
430
265
902
427
502
69
382
607
796
678
929
383
490
624
734
164
380
9
446
198
761
790
959
655
491
878
742
671
599
402
762
749
114
481
188
425
801
740
159
77
220
375
302
349
985
171
656
934
941
790
905
603
842
613
441
256
271
141
58
160
874
817
399
300
28
544
373
514
960
99
276
711
319
899
977
880
547
104
465
453
529
102
221
599
759
2
316
288
853
31
182
377
346
22
458
955
132
510
650
550
881
899
983
24
900
599
438
164
804
799
756
912
869
57
21
625
845
491
808
628
959
103
450
135
569
415
18
992
960
299
875
814
590
662
160
31
279
703
150
351
528
651
154
739
960
45
858
665
673
420
468
945
703
211
632
591
117
197
647
248
696
937
936
976
885
711
596
663
949
169
193
441
608
388
673
131
307
571
181
329
995
428
485
670
922
204
741
29
506
994
415
771
471
882
180
226
435
966
501
524
195
58
197
264
195
585
242
208
918
846
621
78
521
701
246
376
453
86
477
929
255
942
489
599
439
899
403
419
206
784
126
644
95
495
757
166
254
60
38
719
6
576
161
920
412
870
965
728
487
731
337
602
650
140
263
476
293
134
204
566
127
918
428
532
652
806
653
979
554
503
903
785
401
197
422
945
250
64
393
128
254
112
340
246
444
996
285
448
420
857
252
428
447
484
375
631
810
524
948
393
49
487
119
229
412
310
206
685
578
401
673
581
239
892
639
856
575
679
879
621
671
878
78
768
722
571
173
3
215
532
751
654
955
44
680
258
484
9
597
784
33
70
288
457
387
131
166
396
173
825
636
835
562
741
422
863
689
173
986
260
885
227
373
365
696
191
593
254
115
93
56
14
9
645
610
848
107
735
982
791
226
535
10
550
789
774
935
852
507
565
929
962
417
901
208
654
920
230
694
342
384
566
968
808
806
84
526
239
202
501
107
342
474
813
30
737
303
219
610
321
34
214
890
680
130
631
668
494
70
926
460
612
892
788
571
330
471
95
951
147
506
136
210
958
503
659
971
671
574
25
343
296
859
437
372
449
271
872
15
12
544
557
84
584
27
711
935
160
787
384
222
133
543
518
561
171
222
415
319
393
975
584
19
986
156
278
933
479
317
698
47
305
450
472
108
895
533
430
404
539
299
556
935
935
479
765
781
169
195
762
9
129
175
751
770
332
167
324
670
581
689
984
657
197
83
125
92
950
143
931
663
843
582
3
881
609
488
462
386
952
713
361
297
817
24
182
852
416
204
781
41
38
523
510
71
706
407
305
754
98
578
246
817
622
643
527
787
805
567
972
961
253
305
974
589
510
553
351
410
599
168
285
157
592
519
984
655
804
852
804
336
930
559
245
238
47
431
441
379
437
949
228
258
862
67
629
536
79
961
881
442
882
236
633
728
875
318
346
869
956
800
418
457
47
454
884
464
889
37
630
941
187
63
55
847
913
345
391
498
560
101
126
604
287
718
656
901
728
95
248
110
139
684
859
110
262
79
365
974
358
406
24
39
541
758
145
173
824
932
688
962
965
957
919
220
923
978
170
965
929
313
955
259
655
557
198
764
754
582
912
564
956
276
268
554
357
541
355
44
928
180
876
78
497
474
32
664
254
655
742
275
471
466
793
195
181
83
698
656
65
969
251
352
399
460
623
263
807
277
171
600
490
48
370
317
423
719
412
743
50
606
242
491
320
253
895
185
53
550
739
828
282
691
745
238
632
833
725
237
610
782
168
660
227
177
906
972
522
212
967
383
44
704
157
724
312
794
688
683
442
39
513
526
301
325
991
175
986
889
686
304
320
223
848
993
140
676
35
821
570
776
992
783
98
941
315
483
419
595
261
331
800
505
38
764
559
408
832
190
270
549
717
775
163
926
995
690
794
622
842
717
950
519
377
526
262
77
818
656
845
932
619
509
435
797
720
617
124
213
193
129
670
17
798
163
524
111
613
716
265
495
570
247
79
28
367
952
636
175
560
265
52
517
373
838
937
192
828
55
662
760
349
892
135
711
929
101
539
885
674
321
468
380
392
351
124
426
88
478
167
5
615
665
737
9
322
560
255
960
168
769
69
154
900
600
820
721
37
355
124
907
645
961
114
590
633
988
477
402
437
517
976
898
255
582
194
551
412
849
366
173
865
996
139
89
618
633
326
857
15
40
434
862
305
859
724
604
698
790
273
405
630
684
109
621
687
964
518
361
691
539
130
497
866
469
280
619
338
560
807
280
205
518
184
910
427
797
155
986
161
996
771
164
833
973
998
867
422
943
688
988
332
31
793
237
911
95
159
726
253
90
854
852
721
8
264
488
53
337
66
776
682
531
256
412
511
332
632
313
567
839
485
380
592
418
893
761
483
989
504
228
434
625
938
131
730
744
717
389
194
686
611
846
657
163
492
1000
885
522
226
765
65
95
383
577
724
894
33
766
780
363
986
952
480
325
667
404
726
931
962
989
15
566
963
971
478
42
117
969
881
612
733
893
352
24
845
303
117
673
274
419
959
2
953
812
571
534
370
172
616
945
376
849
166
206
100
78
738
202
916
444
904
639
658
607
593
549
369
373
290
956
905
779
231
92
338
881
480
305
917
43
559
805
857
42
255
465
838
749
85
713
594
180
464
122
992
823
245
244
300
865
415
107
649
176
687
871
758
746
7
728
202
282
250
698
667
365
186
469
700
122
150
86
360
83
820
414
25
101
754
463
250
516
898
799
44
921
44
451
90
390
929
201
328
640
899
149
642
708
59
603
935
357
962
779
142
872
3
75
330
888
367
96
544
862
350
91
651
808
195
298
126
906
448
707
524
524
714
634
486
289
625
47
486
765
982
991
839
627
938
388
509
413
21
87
974
723
754
172
667
297
198
909
459
36
516
916
300
737
737
559
469
938
110
723
173
665
809
321
256
220
397
279
92
826
17
173
10
994
728
101
915
475
650
637
253
432
40
195
386
965
227
803
769
937
432
234
477
745
534
764
880
304
69
277
214
608
674
596
238
174
3
925
489
701
170
751
469
18
642
600
395
112
11
223
24
835
339
975
871
101
359
80
720
975
684
931
34
539
71
488
483
765
366
804
866
84
383
70
701
558
678
108
25
301
77
359
451
173
801
158
700
143
41
901
278
950
358
899
482
214
203
584
830
405
355
818
650
761
287
651
277
4
167
851
400
403
462
258
783
486
770
589
237
287
693
56
500
272
712
18
73
718
473
679
483
6
161
287
654
282
494
148
633
156
453
903
703
660
881
320
357
817
248
793
137
429
804
23
457
306
164
536
321
527
817
106
671
603
932
812
762
446
260
684
660
648
973
723
637
82
819
640
832
448
356
256
507
383
835
609
265
638
495
525
315
510
482
61
599
300
173
446
291
56
24
268
635
676
95
142
2
490
779
183
518
408
847
732
301
929
460
765
596
501
724
335
617
539
630
567
411
750
272
600
209
956
771
845
213
216
166
113
518
730
116
417
66
727
70
431
110
541
320
778
16
941
4
781
489
436
608
85
60
841
994
363
743
681
688
832
493
551
570
849
658
957
224
154
771
406
287
152
538
994
55
76
409
307
451
181
949
695
427
651
866
636
156
713
713
868
517
498
466
588
799
291
241
255
375
310
147
666
386
736
400
957
171
143
377
552
51
60
988
196
845
201
808
424
285
644
546
904
869
433
750
129
376
853
309
530
293
347
801
372
275
78
169
849
350
509
962
349
904
414
615
922
787
2
73
443
729
690
235
128
642
805
953
522
688
516
791
418
627
956
269
459
449
299
480
264
739
95
85
368
279
23
506
757
970
808
709
336
619
600
579
720
994
115
333
731
844
527
465
108
888
452
471
40
833
203
437
577
340
863
733
452
71
609
123
655
641
310
447
857
645
242
531
255
723
717
498
757
469
45
795
77
637
634
504
804
133
236
425
94
491
660
383
770
816
367
43
864
763
471
150
320
775
31
59
326
305
970
820
900
33
943
944
597
799
316
681
915
340
984
72
583
492
935
161
940
629
1000
996
410
405
140
465
106
497
988
556
634
491
515
466
157
223
807
876
806
952
70
558
241
481
7
463
627
45
798
579
903
254
604
685
801
248
441
360
21
41
267
956
940
451
832
253
660
453
436
743
136
549
799
76
933
115
653
936
760
817
750
417
244
19
529
685
457
238
921
466
458
560
490
474
900
878
647
974
609
664
221
218
142
764
912
706
21
108
622
7
622
601
313
307
220
334
727
5
18
360
96
493
893
921
295
550
591
12
555
260
105
53
750
543
567
745
660
498
35
846
317
292
1000
886
261
165
487
704
706
61
193
583
771
805
638
318
321
788
425
895
130
932
520
968
723
15
947
767
292
396
150
426
966
444
485
953
52
114
667
26
456
463
217
573
679
368
265
885
463
840
887
208
161
756
189
450
797
946
569
65
156
300
647
796
62
822
371
345
828
790
292
799
741
114
737
351
187
525
170
884
601
123
673
562
266
604
738
543
8
925
132
406
797
835
255
32
432
572
617
770
773
769
35
748
728
615
101
555
503
926
745
387
925
932
163
380
796
948
721
414
874
688
235
707
567
746
349
984
308
648
407
365
76
585
411
371
203
970
253
740
626
432
15
285
935
494
19
762
809
344
49
40
428
187
691
630
134
822
137
117
946
411
114
796
515
998
178
431
85
461
113
771
888
225
291
231
174
972
957
985
642
224
713
271
558
744
87
595
436
351
270
937
505
684
67
222
256
294
965
326
184
524
254
449
515
555
219
86
373
572
819
754
853
190
268
718
821
840
726
763
579
183
220
864
554
89
552
136
954
537
918
760
339
990
298
543
358
325
981
490
653
901
617
367
646
503
372
665
10
421
271
483
968
802
960
768
706
792
74
807
415
613
124
315
480
371
855
575
105
571
162
987
601
233
800
841
135
863
301
808
343
68
469
476
386
917
473
585
761
47
569
95
195
252
899
238
190
61
881
30
296
382
923
137
178
345
725
454
396
147
920
380
874
